1;126;216;1370;1468
2;0;125;1367;1468
3;0;125;1367;1468
4;0;125;1370;1468
5;12;122;1370;1468
6;0;105;1370;1468
7;0;125;1370;1468
8;1370;1468;1370;1468
9;0;125;1370;1468
10;0;125;1370;1468
11;0;125;1370;1468
12;0;125;1370;1468
13;0;125;1370;1468
14;0;125;1370;1468
15;0;125;1370;1468
16;0;125;1370;1468
17;0;125;1370;1468
18;0;125;1370;1468
19;1;125;1370;1468
20;0;125;1370;1468
21;0;125;1370;1468
22;0;113;1370;1468
23;5;95;1370;1468
24;2;92;1370;1468
25;4;110;1370;1468
26;0;125;1370;1468
27;0;125;1370;1468
28;0;125;1370;1468
29;0;125;1370;1468
30;0;125;1370;1468
31;0;125;1370;1468
32;6;96;1370;1468
33;0;125;1356;1453
34;0;125;1370;1468
35;0;125;1370;1468
36;0;109;1370;1468
37;0;109;1370;1468
38;0;125;1370;1468
39;0;110;1370;1468
40;0;110;1370;1467
41;2;112;1370;1467
42;1;111;1370;1467
43;1;111;1370;1467
44;0;110;1370;1467
45;0;110;1370;1467
46;0;110;1370;1467
47;1;111;1370;1467
48;1;111;1370;1467
49;0;110;1370;1467
50;0;110;1370;1467
51;0;110;1370;1467
52;3;113;1370;1467
53;0;110;1370;1467
54;1;111;1370;1467
55;0;110;1370;1467
56;115;173;1370;1467
57;0;110;1370;1467
58;1;111;1370;1467
59;2;112;1370;1467
60;0;110;1370;1467
61;1;111;1370;1467
62;1;111;1370;1467
63;1;111;1370;1467
64;1;111;1370;1467
65;4;114;1370;1467
66;1;111;1370;1467
67;0;110;1370;1467
68;1;111;1370;1468
69;1;111;1370;1468
70;0;110;1370;1468
71;1;111;1370;1468
72;0;110;1370;1467
73;1;111;1370;1467
74;2;112;1370;1467
75;0;110;1370;1468
76;2;112;1370;1468
77;2;112;1370;1468
78;0;110;1370;1468
79;1;111;1370;1468
80;1;111;1370;1468
81;0;125;1370;1468
82;1;111;1370;1468
83;3;113;1370;1468
84;1;111;1370;1468
85;1;111;1370;1468
86;3;113;1370;1468
87;2;112;1370;1468
88;3;113;1370;1468
89;1;111;1370;1468
90;1;111;1370;1468
91;1;111;1370;1468
92;1;111;1370;1468
93;1;111;1370;1468
94;1;111;1370;1468
95;1;113;1370;1468
96;0;110;1370;1468
97;1;111;1370;1468
98;1;111;1370;1468
99;1;111;1370;1468
100;0;110;1370;1468
101;1;111;1370;1468
102;1;111;1370;1468
103;3;113;1370;1468
104;1;111;1370;1468
105;0;110;1370;1468
106;0;110;1370;1468
107;1;111;1370;1471
108;0;110;1370;1468
109;1;111;1370;1468
110;1;111;1370;1468
111;0;109;1370;1468
112;1;111;1370;1468
113;3;113;1370;1468
114;2;112;1354;1444
115;0;110;1370;1468
116;1;111;1370;1468
117;0;111;1370;1468
118;0;110;1370;1468
119;1;111;1370;1468
120;1;111;1370;1468
121;0;110;1370;1468
122;0;110;1370;1468
123;0;110;1370;1468
124;0;110;1370;1468
125;1;111;1370;1468
126;1;111;1370;1468
127;1;111;1370;1468
128;0;110;1370;1468
129;0;112;1370;1468
130;0;110;1370;1468
131;1;111;1370;1468
132;2;112;1370;1468
133;0;110;1370;1468
134;0;110;1370;1468
135;2;112;1370;1468
136;0;110;1370;1468
137;1;111;1370;1468
138;0;110;1370;1468
139;1;111;1370;1468
140;1;111;1370;1468
141;1;111;1370;1468
142;1;111;1370;1468
143;2;112;1370;1468
144;0;110;1370;1468
145;0;110;1370;1468
146;1;126;1370;1468
147;1;111;1370;1468
148;2;112;1370;1468
149;113;188;1370;1468
150;0;110;1370;1468
151;1;111;1370;1468
152;0;110;1370;1468
153;0;111;1370;1468
154;0;110;1370;1468
155;1;111;1370;1468
156;0;110;1370;1468
157;2;112;1370;1468
158;0;110;1370;1468
159;1;111;1370;1468
160;4;114;1370;1468
161;1;111;1370;1468
162;2;112;1370;1468
163;1;111;1370;1468
164;3;113;1370;1468
165;2;112;1370;1468
166;3;113;1370;1468
167;1;111;1370;1468
168;1;111;1370;1468
169;1;111;1370;1468
170;1;111;1370;1468
171;2;112;1370;1468
172;0;110;1370;1468
173;1;126;1370;1468
174;1;126;1370;1468
175;1;126;1370;1468
176;1;126;1370;1468
177;1;126;1370;1468
178;2;112;1370;1468
179;1;111;1370;1468
180;1;126;1370;1468
181;1;126;1370;1468
182;0;125;1370;1468
183;1;126;1370;1468
184;1;111;1370;1468
185;0;125;1370;1468
186;1;126;1370;1467
187;1;126;1370;1468
188;1;126;1370;1468
189;1;126;1370;1468
190;2;112;1370;1468
191;1;111;1370;1468
192;1;126;1370;1468
193;62;152;1370;1468
194;1;126;1370;1468
195;0;92;1370;1468
196;1;126;1370;1468
197;1;126;1370;1468
198;1;126;1370;1468
199;1;126;1370;1468
200;0;90;1370;1467
201;1;126;1370;1467
202;1;126;1370;1467
203;0;125;1370;1467
204;1;126;1370;1467
205;0;125;1370;1467
206;1;126;1370;1467
207;1;126;1370;1467
208;0;125;1370;1467
209;0;125;1370;1467
210;1;126;1370;1467
211;1;126;1370;1467
212;1;126;1370;1467
213;1;126;1370;1467
214;1;126;1370;1467
215;1;126;1370;1467
216;0;125;1370;1467
217;0;125;1370;1467
218;1;126;1370;1467
219;1;126;1370;1467
220;1;126;1370;1467
221;0;125;1370;1467
222;1;126;1370;1467
223;0;125;1370;1467
224;0;125;1370;1467
225;0;125;1370;1467
226;0;125;1370;1467
227;0;125;1370;1467
228;1;126;1370;1467
229;0;125;1370;1467
230;1;126;1370;1467
231;0;125;1370;1467
232;0;207;1354;1452
233;0;231;1355;1452
234;0;219;1355;1452
235;0;177;1354;1452
236;0;239;1355;1452
237;0;237;1354;1452
238;0;197;1354;1452
239;0;211;1354;1452
240;0;197;1354;1452
241;0;205;1354;1452
242;0;181;1354;1452
243;0;219;1354;1452
244;0;177;1354;1452
245;0;223;1354;1452
246;0;254;1354;1452
247;0;225;1354;1452
248;0;189;1354;1452
249;0;197;1354;1452
250;0;176;1354;1452
251;0;179;1354;1452
252;0;223;1354;1452
253;0;177;1354;1452
254;0;191;1354;1452
255;0;207;1354;1452
256;0;213;1370;1467
257;0;191;1354;1452
258;0;186;1354;1452
259;0;233;1354;1452
260;1;126;1354;1452
261;0;227;1354;1452
262;0;207;1354;1452
263;0;205;1354;1452
264;0;189;1354;1452
265;0;203;1354;1452
266;0;237;1354;1452
267;0;207;1354;1452
268;0;225;1354;1452
269;0;203;1354;1452
270;0;205;1354;1452
271;0;233;1354;1452
272;0;259;1354;1452
273;0;183;1354;1452
274;0;209;1354;1452
275;0;219;1354;1452
276;1;126;1354;1452
277;0;237;1354;1452
278;0;193;1354;1452
279;0;125;1354;1452
280;0;169;1354;1452
281;0;183;1354;1452
282;0;177;1354;1452
283;0;185;1354;1452
284;0;203;1354;1452
285;0;185;1354;1452
286;0;177;1354;1452
287;0;185;1354;1452
288;0;195;1354;1452
289;0;177;1354;1452
290;0;157;1354;1452
291;0;171;1354;1452
